crossing time (s)	slope (V/s)	crossing number
4099.371875	149.551734	1315
4100.423223	145.083231	1316
4101.524040	148.380763	1317
4102.553473	146.835843	1318
4103.618935	154.388205	1319
4104.647577	146.958308	1320
4105.735442	152.574561	1321
4106.798098	148.007138	1322
4107.860225	153.420080	1323
4108.907243	153.440479	1324
4109.957651	146.431710	1325
4111.001721	147.506217	1326
4112.079481	152.926077	1327
4113.158065	147.143009	1328
4114.200752	152.043943	1329
4115.257642	144.384264	1330
4116.330902	152.741313	1331
4117.372471	150.686640	1332
4118.442403	146.288489	1333
4119.471859	150.635783	1334
4120.528760	152.214672	1335
4121.575781	150.101620	1336
4122.650895	153.214137	1337
4123.720759	147.111483	1338
4124.767250	146.190126	1339
4125.850011	146.620825	1340
4126.872607	151.542857	1341
4127.965942	146.176217	1342
4128.994726	145.342408	1343
4130.080423	147.281504	1344
4131.109818	151.860056	1345
4132.160815	145.889369	1346
4133.233416	152.245284	1347
4134.293250	146.595149	1348
4135.354072	144.454046	1349
4136.385107	146.566658	1350
4137.468276	150.656355	1351
4138.515685	147.060204	1352
4139.607603	151.606572	1353
4140.638734	151.439831	1354
4141.709470	150.646018	1355
4142.771227	150.614463	1356
4143.832020	152.703233	1357
4144.848551	142.336081	1358
4145.940108	153.379334	1359
4146.996997	148.748780	1360
4148.034806	147.223717	1361
4149.105635	143.154828	1362
4150.129872	145.476695	1363
4151.228390	142.460761	1364
4152.275474	151.457703	1365
4153.328769	142.332645	1366
4154.389161	150.544604	1367
4155.446887	143.404262	1368
4156.512124	150.510652	1369
4157.568414	148.329225	1370
4158.619741	151.071254	1371
4159.664017	148.150427	1372
4160.748349	144.459776	1373
4161.770418	142.438727	1374
4162.868618	149.967710	1375
4163.907194	147.973057	1376
4164.969649	143.787868	1377
4166.037725	147.651425	1378
4167.069870	144.971728	1379
4168.142570	141.749143	1380
4169.187752	150.069164	1381
4170.255864	147.293471	1382
4171.307864	151.011989	1383
4172.367075	147.706549	1384
4173.432390	149.918383	1385
4174.502526	147.174412	1386
4175.543513	144.179354	1387
4176.607085	146.862937	1388
4177.654064	149.512085	1389
4178.701207	146.598139	1390
4179.773203	144.109653	1391
4180.824119	147.090755	1392
4181.885044	148.643088	1393
4182.963994	143.713390	1394
4184.001955	149.473179	1395
4185.068024	143.415045	1396
4186.122171	149.127105	1397
4187.163084	143.142655	1398
4188.237372	142.605333	1399
4189.298462	144.369302	1400
4190.339396	147.895667	1401
4191.403041	143.825725	1402
4192.467039	141.978494	1403
4193.540183	142.644312	1404
4194.580940	142.084598	1405
4195.625025	147.499108	1406
4196.701443	141.894323	1407
4197.721440	141.285017	1408
4198.819268	147.456647	1409
4199.878313	143.071945	1410
4200.938348	141.951897	1411
4201.972611	143.896467	1412
4203.052185	142.603672	1413
4204.095108	142.791911	1414
4205.165615	142.402907	1415
4206.224087	142.358702	1416
4207.271369	141.735600	1417
4208.319422	142.634248	1418
4209.372631	147.109996	1419
4210.417619	143.287065	1420
4211.502753	140.895205	1421
4212.551434	146.353201	1422
4213.609800	147.204825	1423
4214.666660	140.180524	1424
4215.731085	146.503315	1425
4216.796168	145.375165	1426
4217.840751	145.840213	1427
4218.893993	140.364222	1428
4219.949751	139.955577	1429
4221.025689	146.858110	1430
4222.094772	146.314858	1431
4223.135389	140.252158	1432
4224.196170	146.076263	1433
4225.234711	141.457966	1434
4226.298690	140.179032	1435
4227.339771	141.375552	1436
4228.412659	140.258594	1437
4229.462034	141.505054	1438
4230.545612	146.080675	1439
4231.592977	139.022317	1440
4232.658381	141.741470	1441
4233.717919	143.684438	1442
4234.759594	142.547279	1443
4235.810440	138.844980	1444
4236.873616	145.511589	1445
4237.919771	145.903226	1446
4239.015492	139.936655	1447
4240.018270	138.914603	1448
4241.143326	142.607697	1449
4242.154261	141.692867	1450
4243.212901	139.530431	1451
4244.275073	143.124557	1452
4245.345945	139.273523	1453
4246.403064	143.165613	1454
4247.458548	144.941616	1455
4248.528755	142.176479	1456
4249.561606	143.852223	1457
4250.624968	138.367973	1458
4251.683273	144.435066	1459
4252.746926	138.963635	1460
4253.803009	143.134183	1461
4254.857809	138.117006	1462
4255.924438	144.194466	1463
4256.981713	142.170116	1464
4258.001784	141.293572	1465
4259.085188	136.365127	1466
4260.149377	141.673469	1467
4261.217731	142.283700	1468
4262.267522	142.867141	1469
4263.328070	139.227067	1470
4264.382227	142.352911	1471
4265.412870	139.794821	1472
4266.488729	137.722080	1473
4267.555756	137.728343	1474
4268.611121	141.669634	1475
4269.670991	140.452680	1476
4270.736172	136.505677	1477
4271.769065	135.945801	1478
4272.852495	141.937027	1479
4273.877475	141.251310	1480
4274.975465	144.384570	1481
4275.984484	141.292232	1482
4277.093341	139.842307	1483
4278.125993	136.017599	1484
4279.186975	137.313299	1485
4280.232523	137.086543	1486
4281.307265	137.852385	1487
4282.345129	136.300083	1488
4283.397853	141.383080	1489
4284.462119	137.573220	1490
4285.514647	142.301699	1491
4286.575787	135.260536	1492
4287.622179	138.886034	1493
4288.707121	135.958319	1494
4289.749618	143.378551	1495
4290.811608	136.061773	1496
4291.879503	140.982309	1497
4292.934351	136.185399	1498
4293.985969	141.148313	1499
4295.028623	137.041728	1500
4296.102145	140.761548	1501
4297.164824	139.906439	1502
4298.214111	136.916126	1503
4299.259820	135.471568	1504
4300.312130	136.659248	1505
4301.387344	139.893892	1506
4302.435358	137.852429	1507
4303.499805	135.330195	1508
4304.549899	139.735619	1509
4305.613007	137.342196	1510
4306.686726	139.519141	1511
4307.734446	135.777686	1512
4308.797287	139.581529	1513
4309.827801	134.622526	1514
4310.914247	134.806546	1515
4311.946996	138.093644	1516
4313.018491	136.713097	1517
4314.078655	133.749872	1518
4315.135042	135.197756	1519
4316.186513	134.477607	1520
4317.241929	133.873812	1521
4318.304056	135.638006	1522
4319.348815	137.918300	1523
4320.416425	138.799373	1524
4321.473746	138.473198	1525
4322.524617	133.704041	1526
4323.564675	137.097780	1527
4324.656160	137.751894	1528
4325.709454	136.008892	1529
4326.776638	139.020796	1530
4327.833299	137.280908	1531
4328.869343	134.162486	1532
4329.920769	133.619968	1533
4330.978023	136.208340	1534
4332.045149	137.549593	1535
4333.109758	132.228305	1536
4334.169396	132.534823	1537
4335.227253	137.021983	1538
4336.288375	133.298923	1539
4337.338261	135.796293	1540
4338.394654	133.928071	1541
4339.434972	133.876646	1542
4340.535240	131.940055	1543
4341.551636	134.589114	1544
4342.634899	137.900986	1545
4343.675440	131.434331	1546
4344.766702	131.771770	1547
4345.786437	133.925466	1548
4346.865243	136.677422	1549
4347.898801	131.748213	1550
4348.977709	138.072310	1551
4350.033797	134.153104	1552
4351.090898	136.444683	1553
4352.122967	134.517978	1554
4353.200941	134.641557	1555
4354.269364	134.876480	1556
4355.302961	133.151054	1557
4356.363014	132.090121	1558
4357.421682	133.152047	1559
4358.503624	134.399518	1560
4359.534445	133.648208	1561
4360.603839	131.013663	1562
4361.666087	132.450673	1563
4362.706732	134.474034	1564
4363.784466	133.444826	1565
4364.826433	134.973811	1566
4365.898704	131.055824	1567
4366.948665	132.139462	1568
4368.022977	130.000116	1569
4369.051660	132.412239	1570
4370.119476	129.576966	1571
4371.159735	130.014971	1572
4372.242628	133.546712	1573
4373.290089	130.552020	1574
4374.356967	129.186756	1575
4375.401826	130.480954	1576
4376.487943	133.685067	1577
4377.494018	132.556838	1578
4378.597015	131.172515	1579
4379.614348	132.748989	1580
4380.702882	128.898772	1581
4381.742198	129.600313	1582
4382.806834	132.392994	1583
4383.853172	129.056471	1584
4384.933084	128.129046	1585
4385.974725	128.413648	1586
4387.047463	132.365178	1587
4388.112661	130.109168	1588
4389.158619	128.566424	1589
4390.223151	127.644856	1590
4391.279802	129.422996	1591
4392.331373	128.537075	1592
4393.390428	127.827084	1593
4394.423543	131.726606	1594
4395.512892	132.030499	1595
4396.564352	131.785966	1596
4397.622250	128.500429	1597
4398.666555	127.908886	1598
4399.760438	128.972993	1599
4400.773317	126.939603	1600
4401.859299	126.381098	1601
4402.902984	130.425920	1602
4403.971767	124.189179	1603
4405.001504	128.134900	1604
4406.074424	126.782695	1605
4407.112003	126.462087	1606
4408.193203	128.561097	1607
4409.238580	131.296674	1608
4410.307907	128.222855	1609
4411.358264	131.147200	1610
4412.429259	126.487049	1611
4413.472325	130.899614	1612
4414.536456	128.656956	1613
4415.580175	130.806224	1614
4416.651667	126.263388	1615
4417.694527	126.429536	1616
4418.769275	126.969506	1617
4419.823257	128.748480	1618
4420.874177	125.247731	1619
4421.932964	126.255018	1620
4422.978667	127.257915	1621
4424.052020	128.609051	1622
4425.099175	128.708123	1623
4426.148901	129.910809	1624
4427.231274	123.475334	1625
4428.290527	126.327039	1626
4429.346496	123.754913	1627
4430.393143	129.805310	1628
4431.459248	124.984927	1629
4432.481309	129.356286	1630
4433.559206	125.441627	1631
4434.607895	125.936353	1632
4435.682202	123.314989	1633
4436.734948	124.308140	1634
4437.792681	124.197179	1635
4438.849195	126.416892	1636
4439.935285	124.867949	1637
4440.957918	129.339000	1638
4442.049027	122.217309	1639
4443.088374	126.052216	1640
4444.141032	125.068691	1641
4445.192508	122.438089	1642
